t	kat
0.0	0.0017677669529663688
0.05	0.007066637355158226
0.1	0.015883265008649144
0.15000000000000002	0.028195225290874558
0.2	0.0439707500236323
0.25	0.06316836893004169
0.3	0.08573647035955766
0.35	0.11161279759798914
0.39999999999999997	0.1407239006541855
0.44999999999999996	0.17298456683801725
0.49999999999999994	0.20829725658781564
0.5499999999999999	0.24655157370443673
0.6	0.2876238012060389
0.65	0.331376535212631
0.7000000000000001	0.3776584493758203
0.7500000000000001	0.4263042211743595
0.8000000000000002	0.47713464872648914
0.8500000000000002	0.5299569825184574
0.9000000000000002	0.5845654906006468
0.9500000000000003	0.6407422684593946
1.0000000000000002	0.6982582961640476
1.0500000000000003	0.7568747358764516
1.1000000000000003	0.8163444528737158
1.1500000000000004	0.8764137334442205
1.2000000000000004	0.9368241639876648
1.2500000000000004	0.9973146279915392
1.3000000000000005	1.0576233718123487
1.3500000000000005	1.1174900867826656
1.4000000000000006	1.1766579543508455
1.4500000000000006	1.2348756028008128
1.5000000000000007	1.291898928455303
1.5500000000000007	1.3474927408121178
1.6000000000000008	1.401432199323655
1.6500000000000008	1.4535040189292614
1.7000000000000008	1.503507431369111
1.7500000000000009	1.5512548991434
1.800000000000001	1.5965725881926431
1.850000000000001	1.6393006135274497
1.900000000000001	1.6792930788182994
1.950000000000001	1.716417936188519
2.000000000000001	1.7505566960829857
2.0500000000000007	1.7816040191644267
2.1000000000000005	1.8094672228548838
2.1500000000000004	1.8340657345838485
2.2	1.8553305222475998
2.25	1.8732035300525969
2.3	1.8876371450221308
2.3499999999999996	1.8985937161756714
2.3999999999999995	1.906045144895349
2.4499999999999993	1.9099725613865255
2.499999999999999	1.9103660984948716
2.549999999999999	1.9072247705029053
2.5999999999999988	1.9005564609096746
2.6499999999999986	1.8903780195941828
2.6999999999999984	1.876715466161896
2.7499999999999982	1.8596042926588607
2.799999999999998	1.8390898552024895
2.849999999999998	1.815227840432085
2.8999999999999977	1.7880847890611649
2.9499999999999975	1.7577386552852194
2.9999999999999973	1.7242793774668936
3.049999999999997	1.6878094325282824
3.099999999999997	1.6484443440056242
3.149999999999997	1.6063131119728975
3.1999999999999966	1.561558532242335
3.2499999999999964	1.5143373726255716
3.2999999999999963	1.464820375789635
3.349999999999996	1.4131920615183309
3.399999999999996	1.3596503060658955
3.4499999999999957	1.3044056827379116
3.4999999999999956	1.2476805557042752
3.5499999999999954	1.1897079280587546
3.599999999999995	1.130730054879577
3.649999999999995	1.0709968419966034
3.699999999999995	1.0107640607395396
3.7499999999999947	0.9502914175080467
3.7999999999999945	0.8898405239779901
3.8499999999999943	0.8296728186356934
3.899999999999994	0.7700474927515635
3.949999999999994	0.7112194736829573
3.999999999999994	0.6534375155504917
4.049999999999994	0.5969424420768044
4.099999999999993	0.5419655791009125
4.149999999999993	0.48872740550594806
4.199999999999993	0.4374364416227765
4.249999999999993	0.3882883842163384
4.299999999999993	0.3414654875095943
4.3499999999999925	0.2971361808544739
4.399999999999992	0.2554549060096445
4.449999999999992	0.21656215079095414
4.499999999999992	0.18058465125092615
4.549999999999992	0.14763573152833423
4.599999999999992	0.11781574899889076
4.6499999999999915	0.09121261219224401
4.699999999999991	0.06790233991260662
4.749999999999991	0.04794963188493728
4.799999999999991	0.03140842382275083
4.849999999999991	0.01832240287375912
4.899999999999991	0.00872546277271327
4.94999999999999	0.002642081580825179
4.99999999999999	8.760852004659333E-5
5.04999999999999	0.0010684500564105976
5.09999999999999	0.00558214901881099
5.14999999999999	0.01361735415132631
5.1999999999999895	0.025153681097602718
5.249999999999989	0.04016146942075788
5.299999999999989	0.05860144388502206
5.349999999999989	0.0804242918673233
5.399999999999989	0.10557017240915362
5.449999999999989	0.13396817601404615
5.4999999999999885	0.1655357577624227
5.549999999999988	0.2001781695343184
5.599999999999988	0.23778791994451462
5.649999999999988	0.27824429281289875
5.699999999999988	0.32141295639937073
5.749999999999988	0.3671456960005616
5.799999999999987	0.41528030161725604
5.849999999999987	0.46564064007213796
5.899999999999987	0.5180369370629205
5.949999999999987	0.5722662891389295
5.999999999999987	0.628113418563499
6.0499999999999865	0.6853516756708885
6.099999999999986	0.7437442839775938
6.149999999999986	0.8030458134192509
6.199999999999986	0.8630038572086248
6.249999999999986	0.9233608785575981
6.299999999999986	0.9838561854922679
6.349999999999985	1.0442279857784598
6.399999999999985	1.1042154700189364
6.449999999999985	1.163560869579683
6.499999999999985	1.2220114372573223
6.549999999999985	1.279321302417793
6.5999999999999845	1.335253158431618
6.649999999999984	1.389579748157321
6.699999999999984	1.4420851224233386
6.749999999999984	1.4925656563158476
6.799999999999984	1.5408308179833436
6.849999999999984	1.5867036940613375
6.8999999999999835	1.6300212842404898
6.949999999999983	1.6706345846088255
6.999999999999983	1.7084084849851193
7.049999999999983	1.7432215094455743
7.099999999999983	1.7749654316609988
7.149999999999983	1.8035447976269758
7.199999999999982	1.828876388066931
7.249999999999982	1.8508886514341207
7.299999999999982	1.8695211362601918
7.349999999999982	1.8847239488122207
7.399999999999982	1.896457258819726
7.4499999999999815	1.9046908725771707
7.499999999999981	1.9094038891372305
7.549999999999981	1.9105844516690762
7.599999999999981	1.9082296024131853
7.649999999999981	1.9023452460402328
7.699999999999981	1.8929462226159472
7.7499999999999805	1.8800564877735932
7.79999999999998	1.8637093940849976
7.84999999999998	1.8439480639900327
7.89999999999998	1.8208258409987592
7.94999999999998	1.7944068022492397
7.99999999999998	1.7647663119473154
8.04999999999998	1.7319915918282096
8.09999999999998	1.6961822816977283
8.14999999999998	1.6574509605040437
8.199999999999982	1.6159235964616674
8.249999999999982	1.5717398937194729
8.299999999999983	1.5250535031603913
8.349999999999984	1.476032066349624
8.399999999999984	1.4248570645753622
8.449999999999985	1.3717234494446449
8.499999999999986	1.3168390376036887
8.549999999999986	1.2604236597250467
8.599999999999987	1.202708062691082
8.649999999999988	1.1439325735220975
8.699999999999989	1.0843455435509608
8.74999999999999	1.024201601053592
8.79999999999999	0.9637597493873212
8.84999999999999	0.9032813550645787
8.899999999999991	0.8430280755705408
8.949999999999992	0.7832597797226488
8.999999999999993	0.7242325137420053
9.049999999999994	0.6661965639332926
9.099999999999994	0.6093946621229711
9.149999999999995	0.554060373138229
9.199999999999996	0.5004166951175544
9.249999999999996	0.4486748939150273
9.299999999999997	0.39903358291458796
9.349999999999998	0.351678049803997
9.399999999999999	0.3067798227951462
9.45	0.26449646083442924
9.5	0.22497154581324133
9.55	0.18833484982173895
9.600000000000001	0.15470264712338855
9.650000000000002	0.12417813869457663
9.700000000000003	0.09685195672518862
9.750000000000004	0.07280271721408922
9.800000000000004	0.052097590494602136
9.850000000000005	0.03479286196426026
9.900000000000006	0.020934458261222026
9.950000000000006	0.010558417446368836
